0.3190 0.2470 0.1707 0.2633
0.3279 0.2452 0.1922 0.2347
0.4659 0.1643 0.1961 0.1738
0.3285 0.2502 0.2066 0.2148
0.3351 0.2456 0.2007 0.2186
0.3765 0.2717 0.1862 0.1656
0.3586 0.2522 0.1915 0.1977
0.3205 0.2414 0.1958 0.2423
0.3517 0.2179 0.2056 0.2248
0.3561 0.1981 0.2053 0.2404
0.3547 0.2507 0.1923 0.2023
0.3918 0.2346 0.1926 0.1810
0.3154 0.1900 0.2152 0.2794
0.3780 0.3287 0.1845 0.1088
0.3363 0.2475 0.2094 0.2068
0.3819 0.1995 0.1959 0.2227
0.3466 0.2051 0.2049 0.2434
0.3343 0.2530 0.1998 0.2128
0.3612 0.2303 0.2022 0.2063
0.2983 0.2460 0.2234 0.2323
0.3414 0.2487 0.2044 0.2055
0.3521 0.2591 0.1911 0.1977
0.3305 0.2579 0.1969 0.2147
0.3455 0.2483 0.1968 0.2095
0.3387 0.2591 0.2077 0.1945
0.3591 0.2175 0.2086 0.2148
0.4398 0.2150 0.1869 0.1583
0.3708 0.2892 0.1785 0.1616
0.3462 0.2786 0.1980 0.1771
0.4168 0.2161 0.1893 0.1777
0.3092 0.2406 0.2234 0.2268
0.3520 0.2534 0.1913 0.2033
0.3670 0.1896 0.2280 0.2154
0.3317 0.2690 0.2102 0.1891
0.3556 0.2364 0.2086 0.1994
0.2520 0.3360 0.1959 0.2161
0.3972 0.2719 0.1705 0.1604
0.2890 0.3303 0.1913 0.1894
0.1881 0.2613 0.1913 0.3593
0.3583 0.2308 0.2042 0.2066
0.3193 0.2716 0.1980 0.2112
0.3504 0.2639 0.2033 0.1824
0.3102 0.2892 0.1949 0.2057
0.3373 0.2302 0.1957 0.2367
0.3084 0.3069 0.1647 0.2199
0.3247 0.2573 0.2080 0.2100
0.3549 0.1969 0.1981 0.2501
0.3022 0.2570 0.2113 0.2294
0.3002 0.2430 0.2000 0.2568
0.5244 0.0856 0.1984 0.1916
0.3570 0.2679 0.1850 0.1901
0.3168 0.2556 0.1974 0.2302
0.3346 0.2805 0.1993 0.1856
0.5087 0.1007 0.1935 0.1972
0.4635 0.1703 0.2125 0.1538
0.3828 0.1941 0.1947 0.2284
0.3719 0.1996 0.1927 0.2358
0.3382 0.2714 0.1862 0.2043
0.4441 0.1886 0.2069 0.1603
0.3965 0.2466 0.1915 0.1654
0.2325 0.2854 0.2223 0.2597
0.2656 0.3562 0.1887 0.1895
0.2818 0.2854 0.2057 0.2271
0.1909 0.2826 0.1971 0.3294
0.3228 0.3385 0.2050 0.1338
0.3790 0.2303 0.2011 0.1896
0.4285 0.2256 0.1865 0.1594
0.3452 0.2458 0.2012 0.2079
0.3322 0.2588 0.1984 0.2106
0.4421 0.1662 0.1859 0.2057
0.3169 0.3103 0.1937 0.1791
0.2997 0.2105 0.2147 0.2751
0.3190 0.2501 0.2187 0.2122
0.2913 0.3421 0.1877 0.1789
0.3527 0.2473 0.1730 0.2270
0.3968 0.2461 0.1846 0.1725
0.1938 0.3438 0.2166 0.2458
0.3667 0.2241 0.2044 0.2048
0.3533 0.2911 0.1898 0.1658
0.3816 0.2217 0.1951 0.2015
0.3152 0.2266 0.2242 0.2340
0.4352 0.2358 0.1760 0.1530
0.2694 0.2216 0.2018 0.3072
0.3470 0.2775 0.1859 0.1896
0.3512 0.2390 0.1994 0.2104
0.3824 0.2551 0.1864 0.1761
0.2441 0.2788 0.2056 0.2716
0.3642 0.2782 0.1829 0.1747
0.3509 0.2434 0.1963 0.2094
0.3432 0.2430 0.1997 0.2140
0.3122 0.2909 0.1989 0.1979
0.3459 0.2473 0.1968 0.2100
0.3060 0.2812 0.2051 0.2077
0.3464 0.2667 0.1940 0.1929
0.3400 0.2538 0.1970 0.2091
0.4082 0.1967 0.2034 0.1918
0.2489 0.2893 0.2112 0.2506
0.3758 0.2372 0.1914 0.1955
0.4268 0.1936 0.1990 0.1807
0.5010 0.1077 0.1997 0.1917
0.3777 0.2201 0.1864 0.2158
0.5163 0.0991 0.1946 0.1899
0.4087 0.2889 0.1922 0.1102
0.3584 0.2353 0.1891 0.2172
0.3604 0.2131 0.1972 0.2292
0.2969 0.2875 0.1950 0.2205
0.3415 0.2433 0.2069 0.2083
0.3638 0.2122 0.1882 0.2357
0.3889 0.2022 0.2059 0.2030
0.3259 0.3045 0.1970 0.1725
0.3280 0.3290 0.2059 0.1371
0.3545 0.1422 0.2235 0.2797
0.4755 0.1470 0.2121 0.1654
0.3505 0.2390 0.2012 0.2092
0.3310 0.2628 0.1960 0.2102
0.3721 0.2897 0.1744 0.1637
0.3451 0.2399 0.2242 0.1908
0.3957 0.2194 0.1975 0.1874
0.3392 0.2508 0.2017 0.2083
0.3395 0.2547 0.1969 0.2088
0.3196 0.2654 0.1877 0.2273
0.2026 0.3129 0.2123 0.2722
0.3210 0.2667 0.1936 0.2187
0.2548 0.3686 0.1886 0.1880
0.4049 0.2454 0.1926 0.1572
0.4335 0.2130 0.1844 0.1691
0.4225 0.2272 0.1877 0.1626
0.3809 0.2474 0.1864 0.1853
0.3648 0.2117 0.1927 0.2308
0.2260 0.3708 0.2000 0.2032
0.2955 0.2603 0.2128 0.2314
0.2613 0.2257 0.2199 0.2932
0.3000 0.2664 0.2018 0.2318
0.3381 0.2400 0.1928 0.2292
0.3501 0.2404 0.1987 0.2108
0.2370 0.2844 0.2032 0.2754
0.2848 0.3380 0.1969 0.1803
0.3422 0.3027 0.1917 0.1633
0.4380 0.2043 0.2055 0.1522
0.2903 0.3513 0.1949 0.1635
0.3299 0.2553 0.1953 0.2195
0.3455 0.2456 0.2018 0.2071
0.4103 0.1940 0.2017 0.1940
0.2944 0.3192 0.1879 0.1985
0.4628 0.1070 0.2330 0.1972
0.3862 0.2413 0.1850 0.1875
0.3471 0.2407 0.1998 0.2124
0.3477 0.2484 0.1959 0.2080
0.3330 0.2825 0.2012 0.1833
0.3962 0.2026 0.1849 0.2164
0.3290 0.2656 0.1910 0.2144
0.2776 0.2620 0.2140 0.2464
0.3759 0.1942 0.1932 0.2367
0.3270 0.2695 0.1952 0.2083
0.3938 0.2949 0.1767 0.1346
0.3745 0.3174 0.1912 0.1169
0.3436 0.2524 0.1975 0.2064
0.4633 0.1607 0.1860 0.1901
0.3598 0.2619 0.1951 0.1833
0.3484 0.2288 0.1989 0.2240
0.3763 0.2543 0.1844 0.1850
0.2951 0.2916 0.2033 0.2100
0.3208 0.2797 0.1944 0.2051
0.3753 0.2498 0.1807 0.1942
0.3202 0.2572 0.2012 0.2214
0.1780 0.3523 0.2110 0.2587
0.3420 0.2199 0.2000 0.2381
0.3600 0.2263 0.2038 0.2099
0.4331 0.1836 0.2125 0.1709
0.3165 0.2443 0.2008 0.2384
0.1499 0.3296 0.2272 0.2932
0.3276 0.3141 0.1959 0.1624
0.3481 0.2368 0.2104 0.2047
0.2586 0.3131 0.2101 0.2183
0.4070 0.1655 0.2026 0.2249
0.4063 0.2117 0.1833 0.1987
0.3309 0.2737 0.2041 0.1913
0.3785 0.2242 0.2066 0.1907
0.3265 0.2456 0.1936 0.2344
0.2632 0.2491 0.2026 0.2851
0.3702 0.1951 0.2110 0.2237
0.4500 0.1577 0.1906 0.2016
0.3360 0.2699 0.1945 0.1996
0.3201 0.2707 0.2020 0.2073
0.2827 0.2921 0.2181 0.2071
0.3398 0.2483 0.2041 0.2079
0.3329 0.2520 0.2057 0.2095
0.3735 0.2107 0.1951 0.2207
0.3300 0.2739 0.1976 0.1985
0.3702 0.2776 0.1764 0.1759
0.3825 0.2738 0.1808 0.1628
0.4746 0.1507 0.1781 0.1966
0.2871 0.2896 0.1955 0.2278
0.2703 0.2778 0.2063 0.2457
0.3483 0.2232 0.1870 0.2416
0.3359 0.2536 0.2011 0.2094
0.3194 0.2370 0.1994 0.2441
0.3696 0.2251 0.2044 0.2008
0.4262 0.1746 0.2349 0.1643
0.3449 0.2488 0.1966 0.2097
0.3389 0.2068 0.2161 0.2382
0.3721 0.2006 0.1907 0.2366
0.1482 0.3323 0.2271 0.2923
0.3072 0.3016 0.1969 0.1943
0.3454 0.2681 0.2083 0.1782
0.3733 0.2251 0.1970 0.2045
0.3579 0.2400 0.2037 0.1984
0.3645 0.2489 0.1864 0.2002
0.3169 0.3139 0.1935 0.1757
0.3940 0.2251 0.2098 0.1711
0.3625 0.2547 0.2113 0.1716
0.3344 0.2294 0.2065 0.2297
0.3188 0.2528 0.2002 0.2281
0.3488 0.2354 0.1875 0.2283
0.3208 0.2378 0.2028 0.2386
0.3460 0.2484 0.1968 0.2089
0.3636 0.2511 0.1924 0.1929
0.3973 0.2229 0.1905 0.1893
0.2685 0.3379 0.2023 0.1913
0.3640 0.2854 0.1910 0.1596
0.2676 0.2772 0.1713 0.2839
0.2926 0.2785 0.1946 0.2343
0.2486 0.3496 0.2028 0.1990
0.2113 0.3294 0.2090 0.2504
0.3251 0.2526 0.1996 0.2227
0.3406 0.2527 0.1973 0.2095
0.3749 0.1604 0.2201 0.2446
0.3541 0.2353 0.1953 0.2153
0.3679 0.2676 0.1846 0.1799
0.2922 0.2892 0.1983 0.2203
0.3949 0.1967 0.2083 0.2001
0.3234 0.3297 0.1818 0.1651
0.3289 0.2866 0.1771 0.2074
0.3201 0.2709 0.2011 0.2079
0.3879 0.2000 0.1835 0.2286
0.3088 0.2932 0.1841 0.2138
0.3717 0.2942 0.1938 0.1404
0.2520 0.3344 0.1975 0.2161
0.3499 0.2658 0.1938 0.1905
0.3456 0.2484 0.1968 0.2093
0.3485 0.2405 0.2013 0.2098
0.3425 0.2276 0.2080 0.2219
0.3367 0.2858 0.1995 0.1780
0.2965 0.2243 0.2071 0.2721
0.3088 0.2708 0.1993 0.2210
0.3428 0.2500 0.1972 0.2100
0.2625 0.1624 0.1978 0.3774
0.3334 0.2533 0.1997 0.2137
0.3963 0.2494 0.1842 0.1701
0.5238 0.0834 0.1961 0.1966
0.3196 0.3032 0.1943 0.1830
0.4138 0.2288 0.1871 0.1704
0.3109 0.2556 0.2064 0.2271
0.3511 0.2557 0.2021 0.1911
0.2904 0.2486 0.2118 0.2492
0.2361 0.4029 0.1766 0.1844
0.4368 0.1565 0.1892 0.2175
0.2581 0.2916 0.1999 0.2505
0.3170 0.2485 0.2003 0.2342
0.2258 0.3024 0.1972 0.2746
0.3224 0.2436 0.2035 0.2306
0.3361 0.2467 0.1981 0.2191
0.3460 0.3602 0.1967 0.0971
0.4495 0.1864 0.2131 0.1511
0.3410 0.2382 0.1956 0.2252
0.3726 0.2096 0.2117 0.2061
0.3519 0.2830 0.1925 0.1726
0.3471 0.2447 0.1993 0.2090
0.3776 0.1744 0.1883 0.2597
0.3827 0.1979 0.1885 0.2309
0.2100 0.2180 0.2013 0.3707
0.3386 0.2461 0.1980 0.2173
0.3295 0.2547 0.2020 0.2138
0.3343 0.2575 0.2096 0.1986
0.3379 0.2612 0.1964 0.2045
0.4386 0.1597 0.2033 0.1984
0.3126 0.2324 0.2286 0.2264
0.3488 0.2435 0.1984 0.2094
0.2480 0.2896 0.2109 0.2515
0.1959 0.3546 0.2098 0.2398
0.3838 0.2190 0.1776 0.2196
0.3824 0.2399 0.1898 0.1878
0.3122 0.2660 0.2089 0.2129
