0.3291 0.2493 0.1973 0.2243
0.3346 0.2660 0.1908 0.2086
0.4205 0.1924 0.1891 0.1980
0.3293 0.2581 0.1966 0.2160
0.3197 0.2549 0.1724 0.2530
0.3473 0.2766 0.1913 0.1849
0.3341 0.2777 0.1918 0.1965
0.3252 0.2741 0.1913 0.2094
0.3904 0.2004 0.1918 0.2174
0.3812 0.1856 0.2035 0.2297
0.3629 0.2404 0.1901 0.2065
0.3903 0.2260 0.1891 0.1946
0.2919 0.2461 0.2094 0.2525
0.2738 0.3262 0.1958 0.2042
0.3419 0.2712 0.1869 0.1999
0.3328 0.2390 0.1979 0.2303
0.3833 0.2030 0.1945 0.2191
0.2778 0.3119 0.1964 0.2139
0.3522 0.2219 0.1996 0.2263
0.3365 0.2426 0.1950 0.2259
0.3626 0.2467 0.1883 0.2025
0.3765 0.2384 0.1969 0.1881
0.3810 0.2190 0.1896 0.2104
0.4443 0.1362 0.2610 0.1585
0.3380 0.2496 0.1992 0.2132
0.3600 0.2187 0.2047 0.2166
0.4020 0.2032 0.1930 0.2018
0.3387 0.2807 0.1918 0.1888
0.3217 0.2691 0.1895 0.2197
0.3954 0.2224 0.1907 0.1915
0.3482 0.2335 0.1950 0.2233
0.3833 0.2210 0.1916 0.2040
0.3634 0.2122 0.1975 0.2269
0.3148 0.3012 0.1980 0.1860
0.3788 0.2262 0.1920 0.2031
0.3093 0.2656 0.1925 0.2326
0.3565 0.2254 0.1974 0.2207
0.3037 0.3196 0.1809 0.1958
0.2707 0.2268 0.1978 0.3046
0.3751 0.1907 0.2257 0.2085
0.3444 0.2709 0.1828 0.2018
0.3157 0.2987 0.1906 0.1950
0.2985 0.2713 0.1987 0.2315
0.1498 0.1819 0.1709 0.4974
0.3429 0.2582 0.1936 0.2053
0.3267 0.2676 0.1881 0.2175
0.3075 0.2542 0.1993 0.2390
0.3286 0.2549 0.1978 0.2187
0.2556 0.2291 0.1661 0.3492
0.4871 0.1352 0.1911 0.1865
0.3295 0.2393 0.1967 0.2345
0.3780 0.1983 0.1963 0.2274
0.3339 0.2761 0.1883 0.2016
0.4806 0.1455 0.1895 0.1844
0.3527 0.2306 0.1889 0.2279
0.3856 0.2268 0.1900 0.1977
0.3177 0.2441 0.2000 0.2381
0.3422 0.2690 0.1959 0.1929
0.3497 0.2306 0.1922 0.2274
0.3815 0.2320 0.1941 0.1925
0.3502 0.2181 0.1966 0.2352
0.2820 0.3224 0.1889 0.2067
0.3190 0.2677 0.1879 0.2253
0.2490 0.2658 0.1917 0.2935
0.2320 0.3571 0.1952 0.2157
0.3426 0.2686 0.1920 0.1967
0.3554 0.2443 0.1968 0.2034
0.3582 0.2150 0.2057 0.2211
0.3064 0.3095 0.1904 0.1937
0.4002 0.1991 0.1956 0.2051
0.3491 0.2704 0.1941 0.1863
0.3031 0.2378 0.2020 0.2572
0.2890 0.2101 0.1979 0.3030
0.3389 0.2795 0.1938 0.1878
0.3398 0.2431 0.1949 0.2221
0.3425 0.2405 0.1940 0.2229
0.1432 0.3987 0.1907 0.2673
0.3689 0.2380 0.1899 0.2031
0.3306 0.2779 0.1827 0.2087
0.3813 0.2236 0.1922 0.2030
0.2732 0.1636 0.2065 0.3566
0.3751 0.2481 0.1916 0.1852
0.3004 0.2059 0.1917 0.3020
0.3302 0.2777 0.1964 0.1957
0.3381 0.2062 0.2305 0.2252
0.3303 0.2679 0.1976 0.2042
0.3367 0.2283 0.1988 0.2363
0.3277 0.2613 0.1919 0.2190
0.3772 0.1434 0.2062 0.2732
0.3005 0.2381 0.2154 0.2460
0.3362 0.2822 0.1883 0.1934
0.4062 0.1958 0.2228 0.1752
0.3353 0.2643 0.1900 0.2104
0.3232 0.2833 0.1951 0.1984
0.3767 0.2628 0.1883 0.1722
0.3766 0.2314 0.1901 0.2019
0.3479 0.2205 0.1452 0.2865
0.3644 0.2449 0.1894 0.2014
0.4151 0.2051 0.1894 0.1903
0.4791 0.1419 0.1893 0.1897
0.4031 0.2012 0.1905 0.2052
0.4774 0.1425 0.1895 0.1906
0.3091 0.2785 0.1960 0.2165
0.3809 0.2232 0.1935 0.2024
0.3201 0.2528 0.1976 0.2295
0.3157 0.2839 0.1623 0.2381
0.3677 0.2426 0.1873 0.2024
0.3748 0.2383 0.1831 0.2038
0.3689 0.2309 0.1930 0.2072
0.2887 0.3055 0.1943 0.2115
0.2336 0.3565 0.1946 0.2154
0.3508 0.2007 0.2012 0.2473
0.3887 0.2005 0.1886 0.2222
0.3475 0.2157 0.2100 0.2267
0.3609 0.2559 0.1755 0.2077
0.3120 0.3189 0.1932 0.1759
0.3251 0.2661 0.2058 0.2030
0.3406 0.2772 0.1912 0.1911
0.2904 0.2769 0.2216 0.2111
0.2916 0.3199 0.1647 0.2237
0.3558 0.2469 0.1927 0.2046
0.2868 0.2469 0.1818 0.2846
0.3547 0.2277 0.1953 0.2222
0.2663 0.3460 0.1887 0.1990
0.3549 0.2587 0.1895 0.1969
0.3981 0.2099 0.1940 0.1980
0.3630 0.2658 0.1938 0.1774
0.3643 0.2531 0.1946 0.1880
0.3698 0.2371 0.1856 0.2075
0.2579 0.3085 0.1963 0.2373
0.3726 0.2227 0.1956 0.2091
0.3231 0.2153 0.1985 0.2631
0.3700 0.2274 0.1959 0.2067
0.3785 0.2227 0.1944 0.2045
0.3387 0.2260 0.2428 0.1925
0.2011 0.3183 0.1956 0.2851
0.2890 0.3060 0.1912 0.2139
0.3150 0.2864 0.1910 0.2076
0.3451 0.2310 0.1944 0.2294
0.2569 0.3155 0.1951 0.2325
0.3535 0.2600 0.1916 0.1949
0.2784 0.3166 0.2015 0.2035
0.3983 0.2130 0.1905 0.1982
0.3402 0.2737 0.1954 0.1907
0.3898 0.1917 0.1904 0.2282
0.3772 0.2398 0.1938 0.1892
0.3436 0.2344 0.2145 0.2075
0.2898 0.1440 0.2591 0.3071
0.3476 0.2791 0.1808 0.1926
0.3810 0.2351 0.1894 0.1945
0.3468 0.2677 0.1924 0.1931
0.3338 0.2254 0.1983 0.2425
0.3752 0.2397 0.1832 0.2019
0.3647 0.2538 0.1715 0.2099
0.3509 0.2760 0.1894 0.1837
0.3005 0.3068 0.1931 0.1996
0.2516 0.3508 0.2030 0.1946
0.4225 0.1900 0.1917 0.1958
0.3814 0.2390 0.1903 0.1893
0.3531 0.2495 0.1915 0.2059
0.3757 0.2373 0.1985 0.1885
0.3079 0.2848 0.1899 0.2174
0.3206 0.3227 0.1441 0.2126
0.3422 0.2719 0.1896 0.1963
0.3150 0.2741 0.1838 0.2271
0.1564 0.3737 0.1966 0.2733
0.3412 0.2231 0.1735 0.2622
0.3606 0.2531 0.1856 0.2006
0.3398 0.2443 0.1921 0.2238
0.2337 0.2647 0.1664 0.3352
0.2766 0.2449 0.1924 0.2861
0.2798 0.3023 0.1936 0.2242
0.3725 0.2410 0.1865 0.2001
0.3047 0.2899 0.1897 0.2157
0.3998 0.1904 0.1925 0.2173
0.3624 0.2624 0.1874 0.1878
0.3388 0.2531 0.1903 0.2178
0.3454 0.2628 0.1911 0.2007
0.3301 0.2781 0.1910 0.2009
0.2366 0.2687 0.1559 0.3388
0.3836 0.2064 0.1924 0.2177
0.4152 0.1791 0.1954 0.2103
0.3327 0.2808 0.1915 0.1950
0.3609 0.2320 0.1901 0.2170
0.3236 0.2717 0.1860 0.2187
0.3534 0.2593 0.1854 0.2019
0.3291 0.2675 0.1900 0.2133
0.3186 0.2467 0.2016 0.2331
0.4067 0.2411 0.1820 0.1703
0.3419 0.2749 0.1955 0.1877
0.3286 0.2523 0.1947 0.2245
0.4155 0.1843 0.1961 0.2041
0.2933 0.3090 0.1923 0.2054
0.3358 0.2471 0.1969 0.2201
0.3459 0.2563 0.1907 0.2071
0.3079 0.2184 0.2282 0.2455
0.3309 0.2710 0.1903 0.2078
0.3771 0.2199 0.1910 0.2120
0.3618 0.2156 0.1929 0.2297
0.3212 0.1196 0.2390 0.3202
0.3552 0.2125 0.2105 0.2218
0.3811 0.2347 0.1883 0.1959
0.2702 0.2491 0.1918 0.2890
0.3197 0.2986 0.1853 0.1964
0.3401 0.2549 0.1964 0.2086
0.4154 0.1427 0.1971 0.2447
0.3857 0.2189 0.1946 0.2008
0.3602 0.2416 0.1920 0.2063
0.2781 0.2984 0.1919 0.2315
0.3929 0.2127 0.1900 0.2044
0.3353 0.2693 0.1939 0.2015
0.3760 0.2167 0.1935 0.2138
0.3341 0.2609 0.1758 0.2292
0.3395 0.2714 0.1889 0.2001
0.2949 0.2376 0.1793 0.2882
0.2740 0.2261 0.2745 0.2255
0.3119 0.2886 0.1938 0.2057
0.4016 0.2146 0.1927 0.1911
0.2767 0.2879 0.1988 0.2366
0.3156 0.2940 0.1821 0.2083
0.3144 0.2470 0.1972 0.2413
0.3027 0.2897 0.1790 0.2286
0.3102 0.2778 0.1919 0.2202
0.1456 0.3723 0.1962 0.2859
0.3600 0.2305 0.1899 0.2196
0.3354 0.2947 0.1767 0.1932
0.3805 0.1960 0.2016 0.2219
0.3987 0.1503 0.2017 0.2493
0.3177 0.2568 0.1966 0.2289
0.3323 0.2471 0.1670 0.2536
0.3703 0.2167 0.1981 0.2150
0.3315 0.2862 0.1909 0.1914
0.3506 0.2377 0.1970 0.2147
0.3269 0.2732 0.1961 0.2037
0.3867 0.2226 0.1874 0.2032
0.3168 0.3031 0.1866 0.1935
0.3400 0.2769 0.1896 0.1935
0.3037 0.2689 0.1904 0.2370
0.3691 0.2491 0.1982 0.1836
0.4738 0.1488 0.2351 0.1423
0.3828 0.2152 0.1932 0.2089
0.3808 0.2110 0.1923 0.2159
0.3448 0.2694 0.1858 0.2000
0.2735 0.1566 0.1937 0.3763
0.2927 0.3139 0.1911 0.2023
0.3059 0.2041 0.2394 0.2506
0.3400 0.1800 0.1865 0.2935
0.3146 0.2199 0.2263 0.2392
0.3494 0.2648 0.1927 0.1931
0.4786 0.1424 0.1898 0.1891
0.3207 0.3026 0.1947 0.1820
0.3635 0.2550 0.1904 0.1911
0.3414 0.2594 0.1931 0.2060
0.3952 0.2285 0.1872 0.1891
0.3564 0.2244 0.1981 0.2211
0.2612 0.3505 0.1861 0.2023
0.3876 0.2006 0.1969 0.2149
0.2971 0.2759 0.1825 0.2445
0.2717 0.2660 0.1653 0.2970
0.3139 0.2364 0.2001 0.2496
0.3411 0.2477 0.1975 0.2137
0.2718 0.2104 0.1503 0.3675
0.2442 0.3450 0.1974 0.2134
0.3671 0.2184 0.1893 0.2252
0.3376 0.2449 0.1994 0.2182
0.3684 0.2308 0.1954 0.2055
0.3282 0.2828 0.1714 0.2175
0.3152 0.2273 0.2330 0.2245
0.3921 0.2144 0.1909 0.2025
0.3737 0.2311 0.1849 0.2102
0.3081 0.2026 0.1948 0.2945
0.2923 0.2500 0.1898 0.2680
0.3521 0.2567 0.1867 0.2045
0.3559 0.2408 0.1979 0.2054
0.3772 0.2709 0.1766 0.1753
0.3887 0.2278 0.1928 0.1907
0.3481 0.2328 0.1961 0.2229
0.3519 0.1960 0.2558 0.1962
0.3453 0.2208 0.1482 0.2857
0.1474 0.3880 0.1946 0.2700
0.3859 0.2231 0.1858 0.2052
0.3879 0.2272 0.1928 0.1921
0.3088 0.2701 0.2034 0.2178
